Results: (For points that are multiples of 64) 

Dealer has 0 points:
0.50265             0.406               0.32445             0.22955             0.16595             0.11375             0.07775             0.0434              0.0237              0.0099              0.005               0.0016              5.0E-4              0.0                 0.0                 0.0                 
Dealer has 64 points:
0.5897              0.4955              0.4084              0.31245             0.2259              0.1516              0.1073              0.06415             0.03515             0.0182              0.00935             0.0029              8.0E-4              4.0E-4              0.0                 0.0                 
Dealer has 128 points:
0.68795             0.5998              0.4973              0.3992              0.3036              0.21985             0.1461              0.0995              0.05295             0.0279              0.01385             0.00545             0.0024              5.0E-4              1.0E-4              0.0                 
Dealer has 192 points:
0.76925             0.69345             0.6079              0.50815             0.40255             0.31195             0.1981              0.1337              0.0892              0.04715             0.0238              0.0082              0.0032              6.0E-4              1.0E-4              0.0                 
Dealer has 256 points:
0.84305             0.7744              0.691               0.60875             0.507               0.387               0.28665             0.19455             0.13015             0.07765             0.0401              0.01535             0.00595             0.0021              0.0                 0.0                 
Dealer has 320 points:
0.89135             0.84255             0.78845             0.7119              0.59745             0.5092              0.39135             0.27575             0.1842              0.11725             0.06785             0.0285              0.0108              0.0027              9.0E-4              0.0                 
Dealer has 384 points:
0.92575             0.90295             0.85355             0.79445             0.7203              0.62025             0.50185             0.3877              0.25905             0.16175             0.1031              0.051               0.0206              0.00515             0.00145             0.0                 
Dealer has 448 points:
0.9572              0.9361              0.9005              0.8614              0.80445             0.7267              0.62875             0.4974              0.3728              0.25145             0.1574              0.0849              0.0377              0.00985             0.0025              0.0                 
Dealer has 512 points:
0.9746              0.96725             0.9438              0.9106              0.8714              0.82555             0.73445             0.63405             0.50575             0.3625              0.23005             0.1452              0.06615             0.01785             0.0047              2.0E-4              
Dealer has 576 points:
0.98785             0.9833              0.96985             0.9529              0.92745             0.88625             0.83785             0.75285             0.6325              0.5076              0.35                0.22335             0.1173              0.0421              0.0097              3.5E-4              
Dealer has 640 points:
0.9958              0.9933              0.98735             0.9752              0.9611              0.9325              0.90135             0.84605             0.77195             0.66125             0.50185             0.33625             0.19565             0.08075             0.0197              9.0E-4              
Dealer has 704 points:
0.9975              0.99705             0.9934              0.98755             0.98055             0.97225             0.94695             0.91475             0.85935             0.7871              0.66535             0.50535             0.31165             0.1566              0.05005             0.0027              
Dealer has 768 points:
0.9987              0.99805             0.9988              0.99585             0.995               0.9895              0.98205             0.9632              0.9369              0.88165             0.8058              0.69555             0.50645             0.2738              0.1154              0.00945             
Dealer has 832 points:
1.0                 0.9999              0.9991              0.999               0.9986              0.99745             0.99395             0.9871              0.97725             0.9544              0.91525             0.8376              0.72495             0.50265             0.23725             0.0465              
Dealer has 896 points:
1.0                 1.0                 0.9999              0.9997              0.9996              0.9994              0.999               0.99785             0.99685             0.99025             0.98                0.957               0.88665             0.7689              0.5187              0.2022              
Dealer has 960 points:
1.0                 1.0                 1.0                 1.0                 1.0                 1.0                 1.0                 1.0                 0.9997              0.9999              0.9987              0.9969              0.99075             0.96895             0.86935             0.45255             
--------
Results that are slightly more raw:



0.50265             0.406               0.32445             0.22955             0.16595             0.11375             0.07775             0.0434              0.0237              0.0099              0.005               0.0016              5.0E-4              0.0                 0.0                 0.0                 
0.5897              0.4955              0.4084              0.31245             0.2259              0.1516              0.1073              0.06415             0.03515             0.0182              0.00935             0.0029              8.0E-4              4.0E-4              0.0                 0.0                 
0.68795             0.5998              0.4973              0.3992              0.3036              0.21985             0.1461              0.0995              0.05295             0.0279              0.01385             0.00545             0.0024              5.0E-4              1.0E-4              0.0                 
0.76925             0.69345             0.6079              0.50815             0.40255             0.31195             0.1981              0.1337              0.0892              0.04715             0.0238              0.0082              0.0032              6.0E-4              1.0E-4              0.0                 
0.84305             0.7744              0.691               0.60875             0.507               0.387               0.28665             0.19455             0.13015             0.07765             0.0401              0.01535             0.00595             0.0021              0.0                 0.0                 
0.89135             0.84255             0.78845             0.7119              0.59745             0.5092              0.39135             0.27575             0.1842              0.11725             0.06785             0.0285              0.0108              0.0027              9.0E-4              0.0                 
0.92575             0.90295             0.85355             0.79445             0.7203              0.62025             0.50185             0.3877              0.25905             0.16175             0.1031              0.051               0.0206              0.00515             0.00145             0.0                 
0.9572              0.9361              0.9005              0.8614              0.80445             0.7267              0.62875             0.4974              0.3728              0.25145             0.1574              0.0849              0.0377              0.00985             0.0025              0.0                 
0.9746              0.96725             0.9438              0.9106              0.8714              0.82555             0.73445             0.63405             0.50575             0.3625              0.23005             0.1452              0.06615             0.01785             0.0047              2.0E-4              
0.98785             0.9833              0.96985             0.9529              0.92745             0.88625             0.83785             0.75285             0.6325              0.5076              0.35                0.22335             0.1173              0.0421              0.0097              3.5E-4              
0.9958              0.9933              0.98735             0.9752              0.9611              0.9325              0.90135             0.84605             0.77195             0.66125             0.50185             0.33625             0.19565             0.08075             0.0197              9.0E-4              
0.9975              0.99705             0.9934              0.98755             0.98055             0.97225             0.94695             0.91475             0.85935             0.7871              0.66535             0.50535             0.31165             0.1566              0.05005             0.0027              
0.9987              0.99805             0.9988              0.99585             0.995               0.9895              0.98205             0.9632              0.9369              0.88165             0.8058              0.69555             0.50645             0.2738              0.1154              0.00945             
1.0                 0.9999              0.9991              0.999               0.9986              0.99745             0.99395             0.9871              0.97725             0.9544              0.91525             0.8376              0.72495             0.50265             0.23725             0.0465              
1.0                 1.0                 0.9999              0.9997              0.9996              0.9994              0.999               0.99785             0.99685             0.99025             0.98                0.957               0.88665             0.7689              0.5187              0.2022              
1.0                 1.0                 1.0                 1.0                 1.0                 1.0                 1.0                 1.0                 0.9997              0.9999              0.9987              0.9969              0.99075             0.96895             0.86935             0.45255             


------------
Starting from (999, 999), there's: 
18262 wins.
21731 losses.
7 draws.
Win prob:0.4566375

Results: 
Dealer has 999 points:
0                   64                  128                 192                 256                 320                 384                 448                 512                 576                 640                 704                 768                 832                 896                 960                 
1.0                 1.0                 1.0                 1.0                 1.0                 1.0                 1.0                 1.0                 1.0                 1.0                 0.999975            0.99985             0.9989              0.994925            0.9639              0.7470125           

Opponent has 999 points:
0                   64                  128                 192                 256                 320                 384                 448                 512                 576                 640                 704                 768                 832                 896                 960                 
0.0                 0.0                 0.0                 0.0                 0.0                 0.0                 0.0                 0.0                 0.0                 0.0                 0.0                 2.25E-4             6.75E-4             0.0138375           0.0795625           0.2958              

Both teams have 999 points: (AHH!)
0.4566375


-------------------------------------------------------
Results when there's negative points:

Results: 
Dealer has -512 points:
0.5162              0.4325              0.3497              0.2859              0.2128              0.1649              0.1154              0.0869              0.0605              0.0441              0.0249              0.0173              0.0088              0.0046              0.0016              0.001               
Dealer has -448 points:
0.5856              0.4987              0.4246              0.3437              0.2708              0.2216              0.152               0.1056              0.0816              0.0491              0.0355              0.0227              0.0149              0.0096              0.0036              0.0018              
Dealer has -384 points:
0.6473              0.5824              0.5013              0.4084              0.3483              0.2662              0.2141              0.1461              0.1067              0.0752              0.0509              0.0353              0.0242              0.011               0.0064              0.002               
Dealer has -320 points:
0.7232              0.6535              0.5763              0.496               0.4147              0.3492              0.2622              0.1936              0.1495              0.1059              0.0773              0.0474              0.0247              0.0178              0.0092              0.0044              
Dealer has -256 points:
0.7803              0.7305              0.6549              0.5874              0.5035              0.4164              0.3362              0.266               0.1933              0.1345              0.096               0.0696              0.0441              0.0268              0.0144              0.0056              
Dealer has -192 points:
0.8376              0.7846              0.7395              0.6701              0.5825              0.4949              0.4154              0.3378              0.2499              0.1968              0.1285              0.0938              0.0668              0.0373              0.0211              0.0104              
Dealer has -128 points:
0.874               0.8506              0.7922              0.742               0.6713              0.5922              0.4986              0.4124              0.3344              0.2523              0.186               0.1256              0.086               0.0566              0.0364              0.02                
Dealer has -64 points:
0.9129              0.8935              0.8515              0.8042              0.7467              0.6768              0.5843              0.4929              0.4104              0.3219              0.248               0.1696              0.1124              0.0841              0.0465              0.0262              
Dealer has 0 points:
0.9368              0.9252              0.8919              0.8511              0.7909              0.758               0.6779              0.6031              -1.0                -1.0                -1.0                -1.0                -1.0                -1.0                -1.0                -1.0                
Dealer has 64 points:
0.9554              0.9391              0.9305              0.8934              0.8672              0.8115              0.7578              0.6873              -1.0                -1.0                -1.0                -1.0                -1.0                -1.0                -1.0                -1.0                
Dealer has 128 points:
0.97                0.964               0.951               0.9276              0.8992              0.8632              0.8193              0.7644              -1.0                -1.0                -1.0                -1.0                -1.0                -1.0                -1.0                -1.0                
Dealer has 192 points:
0.9797              0.9751              0.9694              0.9503              0.9355              0.911               0.8775              0.8265              -1.0                -1.0                -1.0                -1.0                -1.0                -1.0                -1.0                -1.0                
Dealer has 256 points:
0.9896              0.9868              0.9806              0.9716              0.9553              0.9287              0.9115              0.8796              -1.0                -1.0                -1.0                -1.0                -1.0                -1.0                -1.0                -1.0                
Dealer has 320 points:
0.9946              0.9906              0.986               0.9815              0.972               0.9607              0.9454              0.921               -1.0                -1.0                -1.0                -1.0                -1.0                -1.0                -1.0                -1.0                
Dealer has 384 points:
0.9988              0.9972              0.9931              0.9868              0.9846              0.9791              0.9629              0.9462              -1.0                -1.0                -1.0                -1.0                -1.0                -1.0                -1.0                -1.0                
Dealer has 448 points:
0.9982              0.9976              0.997               0.9954              0.9928              0.9888              0.9824              0.9756              -1.0                -1.0                -1.0                -1.0                -1.0                -1.0                -1.0                -1.0                
--------
Results that are slightly more raw:



0.5162              0.4325              0.3497              0.2859              0.2128              0.1649              0.1154              0.0869              0.0605              0.0441              0.0249              0.0173              0.0088              0.0046              0.0016              0.001               
0.5856              0.4987              0.4246              0.3437              0.2708              0.2216              0.152               0.1056              0.0816              0.0491              0.0355              0.0227              0.0149              0.0096              0.0036              0.0018              
0.6473              0.5824              0.5013              0.4084              0.3483              0.2662              0.2141              0.1461              0.1067              0.0752              0.0509              0.0353              0.0242              0.011               0.0064              0.002               
0.7232              0.6535              0.5763              0.496               0.4147              0.3492              0.2622              0.1936              0.1495              0.1059              0.0773              0.0474              0.0247              0.0178              0.0092              0.0044              
0.7803              0.7305              0.6549              0.5874              0.5035              0.4164              0.3362              0.266               0.1933              0.1345              0.096               0.0696              0.0441              0.0268              0.0144              0.0056              
0.8376              0.7846              0.7395              0.6701              0.5825              0.4949              0.4154              0.3378              0.2499              0.1968              0.1285              0.0938              0.0668              0.0373              0.0211              0.0104              
0.874               0.8506              0.7922              0.742               0.6713              0.5922              0.4986              0.4124              0.3344              0.2523              0.186               0.1256              0.086               0.0566              0.0364              0.02                
0.9129              0.8935              0.8515              0.8042              0.7467              0.6768              0.5843              0.4929              0.4104              0.3219              0.248               0.1696              0.1124              0.0841              0.0465              0.0262              
0.9368              0.9252              0.8919              0.8511              0.7909              0.758               0.6779              0.6031              -1.0                -1.0                -1.0                -1.0                -1.0                -1.0                -1.0                -1.0                
0.9554              0.9391              0.9305              0.8934              0.8672              0.8115              0.7578              0.6873              -1.0                -1.0                -1.0                -1.0                -1.0                -1.0                -1.0                -1.0                
0.97                0.964               0.951               0.9276              0.8992              0.8632              0.8193              0.7644              -1.0                -1.0                -1.0                -1.0                -1.0                -1.0                -1.0                -1.0                
0.9797              0.9751              0.9694              0.9503              0.9355              0.911               0.8775              0.8265              -1.0                -1.0                -1.0                -1.0                -1.0                -1.0                -1.0                -1.0                
0.9896              0.9868              0.9806              0.9716              0.9553              0.9287              0.9115              0.8796              -1.0                -1.0                -1.0                -1.0                -1.0                -1.0                -1.0                -1.0                
0.9946              0.9906              0.986               0.9815              0.972               0.9607              0.9454              0.921               -1.0                -1.0                -1.0                -1.0                -1.0                -1.0                -1.0                -1.0                
0.9988              0.9972              0.9931              0.9868              0.9846              0.9791              0.9629              0.9462              -1.0                -1.0                -1.0                -1.0                -1.0                -1.0                -1.0                -1.0                
0.9982              0.9976              0.997               0.9954              0.9928              0.9888              0.9824              0.9756              -1.0                -1.0                -1.0                -1.0                -1.0                -1.0                -1.0                -1.0                
