0.5162              0.4325              0.3497              0.2859              0.2128              0.1649              0.1154              0.0869              0.0605              0.0441              0.0249              0.0173              0.0088              0.0046              0.0016              0.001               
0.5856              0.4987              0.4246              0.3437              0.2708              0.2216              0.152               0.1056              0.0816              0.0491              0.0355              0.0227              0.0149              0.0096              0.0036              0.0018              
0.6473              0.5824              0.5013              0.4084              0.3483              0.2662              0.2141              0.1461              0.1067              0.0752              0.0509              0.0353              0.0242              0.011               0.0064              0.002               
0.7232              0.6535              0.5763              0.496               0.4147              0.3492              0.2622              0.1936              0.1495              0.1059              0.0773              0.0474              0.0247              0.0178              0.0092              0.0044              
0.7803              0.7305              0.6549              0.5874              0.5035              0.4164              0.3362              0.266               0.1933              0.1345              0.096               0.0696              0.0441              0.0268              0.0144              0.0056              
0.8376              0.7846              0.7395              0.6701              0.5825              0.4949              0.4154              0.3378              0.2499              0.1968              0.1285              0.0938              0.0668              0.0373              0.0211              0.0104              
0.874               0.8506              0.7922              0.742               0.6713              0.5922              0.4986              0.4124              0.3344              0.2523              0.186               0.1256              0.086               0.0566              0.0364              0.02                
0.9129              0.8935              0.8515              0.8042              0.7467              0.6768              0.5843              0.4929              0.4104              0.3219              0.248               0.1696              0.1124              0.0841              0.0465              0.0262              
0.9368              0.9252              0.8919              0.8511              0.7909              0.758               0.6779              0.6031              -1.0                -1.0                -1.0                -1.0                -1.0                -1.0                -1.0                -1.0                
0.9554              0.9391              0.9305              0.8934              0.8672              0.8115              0.7578              0.6873              -1.0                -1.0                -1.0                -1.0                -1.0                -1.0                -1.0                -1.0                
0.97                0.964               0.951               0.9276              0.8992              0.8632              0.8193              0.7644              -1.0                -1.0                -1.0                -1.0                -1.0                -1.0                -1.0                -1.0                
0.9797              0.9751              0.9694              0.9503              0.9355              0.911               0.8775              0.8265              -1.0                -1.0                -1.0                -1.0                -1.0                -1.0                -1.0                -1.0                
0.9896              0.9868              0.9806              0.9716              0.9553              0.9287              0.9115              0.8796              -1.0                -1.0                -1.0                -1.0                -1.0                -1.0                -1.0                -1.0                
0.9946              0.9906              0.986               0.9815              0.972               0.9607              0.9454              0.921               -1.0                -1.0                -1.0                -1.0                -1.0                -1.0                -1.0                -1.0                
0.9988              0.9972              0.9931              0.9868              0.9846              0.9791              0.9629              0.9462              -1.0                -1.0                -1.0                -1.0                -1.0                -1.0                -1.0                -1.0                
0.9982              0.9976              0.997               0.9954              0.9928              0.9888              0.9824              0.9756              -1.0                -1.0                -1.0                -1.0                -1.0                -1.0                -1.0                -1.0                
