0.49895             0.405675            0.31005             0.230325            0.164575            0.109475            0.07285             0.041725            0.0235              0.01145             0.0049              0.00185             2.5E-4              4.0E-4              0.0                 0.0                 
0.59575             0.503525            0.409625            0.30545             0.228025            0.153725            0.1014              0.068375            0.035625            0.01655             0.00845             0.003575            9.5E-4              1.0E-4              1.5E-4              0.0                 
0.6895              0.59085             0.503525            0.3919              0.29885             0.218725            0.14705             0.0963              0.05565             0.0276              0.01385             0.005925            0.00155             7.0E-4              1.5E-4              0.0                 
0.770375            0.70035             0.600025            0.503475            0.3965              0.299925            0.206025            0.133975            0.085275            0.045025            0.0212              0.0102              0.0031              5.5E-4              2.5E-4              5.0E-5              
0.8396              0.781275            0.697875            0.600975            0.5017              0.3877              0.283925            0.19715             0.130575            0.075725            0.038075            0.0162              0.0067              0.00165             4.5E-4              0.0                 
0.889525            0.848825            0.791125            0.71                0.6127              0.500875            0.382925            0.273875            0.186275            0.115275            0.0644              0.02765             0.009675            0.0035              4.5E-4              5.0E-5              
0.9287              0.89645             0.855875            0.800075            0.714275            0.621475            0.49935             0.37695             0.26405             0.167025            0.1026              0.047475            0.01955             0.0057              0.001               5.0E-5              
0.957725            0.9342              0.902925            0.86655             0.80745             0.727875            0.621325            0.501975            0.369               0.246125            0.159425            0.089775            0.03665             0.010825            0.002625            5.0E-5              
0.976575            0.9641              0.9432              0.91335             0.8717              0.81905             0.7405              0.634475            0.506775            0.3614              0.234725            0.14                0.066               0.019625            0.004625            2.0E-4              
0.9885              0.9809              0.970775            0.9528              0.92165             0.886075            0.832275            0.752025            0.641875            0.503525            0.353325            0.2232              0.116225            0.0386              0.009525            3.5E-4              
0.9945              0.992225            0.98765             0.9785              0.96155             0.937775            0.89755             0.84595             0.77425             0.65785             0.49925             0.3325              0.19645             0.085125            0.0195              8.0E-4              
0.99795             0.9971              0.99495             0.98995             0.9843              0.97225             0.948925            0.91355             0.856375            0.787175            0.6722              0.505425            0.313675            0.16055             0.047075            0.002225            
0.999425            0.999125            0.9982              0.99675             0.99535             0.98805             0.982225            0.968325            0.935               0.88375             0.79965             0.698475            0.50745             0.277               0.118               0.007675            
0.9998              0.99965             0.9996              0.99905             0.99865             0.9977              0.992325            0.987275            0.9803              0.957325            0.917725            0.8372              0.72655             0.50365             0.23955             0.045575            
1.0                 0.99995             1.0                 1.0                 0.9998              0.99945             0.9987              0.997775            0.995275            0.9902              0.984475            0.959925            0.8922              0.779825            0.5149              0.2044              
1.0                 1.0                 1.0                 1.0                 0.99995             0.99995             0.99995             1.0                 0.99985             0.9995              0.9989              0.99765             0.99105             0.968125            0.868875            0.45635